0 376 3 684 3 137 1
0 39 0 812 0 874 3
0 773 3 809 2 420 2
2 965 0 529 1 749 1
2 273 1 162 1 307 1
1 657 0 591 1 649 0
0 615 1 2 1 49 0
2 733 2 306 0 389 1
0 889 2 732 3 51 2
0 102 3 236 1 162 3
2 385 1 699 3 112 3
0 494 1 315 2 0 2
1 793 2 874 1 227 0
1 298 0 792 1 34 1
2 495 0 751 0 400 3
0 370 1 360 0 880 1
2 163 0 206 1 864 2
2 596 2 711 3 308 2
0 148 3 953 0 246 2
0 363 0 889 3 996 3
0 630 2 84 0 734 1
0 819 1 469 3 793 2
1 625 2 37 0 767 3
0 906 1 524 3 773 1
1 643 3 459 2 269 2
1 965 2 52 2 273 2
0 90 0 666 2 784 3
2 92 1 579 1 715 2
2 587 0 312 1 998 2
1 557 3 281 3 230 3
0 261 3 496 3 523 1
2 263 3 481 1 352 3
1 441 2 575 0 355 0
1 679 3 949 3 28 2
2 828 3 740 1 588 2
2 968 2 686 3 442 3
0 800 3 826 0 583 1
0 652 2 971 0 241 1
0 828 3 347 3 331 1
2 779 3 858 0 657 3
2 997 3 162 0 99 1
0 86 3 971 1 149 2
2 126 1 894 2 738 1
0 61 3 427 1 954 0
0 950 3 363 2 192 2
0 664 1 652 2 947 2
1 188 0 205 1 750 0
2 77 0 953 0 314 1
2 552 2 998 2 490 0
1 162 2 356 0 503 2
0 958 0 443 0 826 3
1 496 0 381 3 146 0
0 438 0 664 0 925 0
1 321 2 128 1 991 2
2 886 2 252 2 835 0
2 499 2 415 0 844 2
1 551 1 883 3 347 2
2 347 1 195 2 990 1
1 711 0 179 1 668 3
0 527 2 164 3 597 2
1 859 2 587 0 378 0
0 340 1 96 1 763 3
2 832 0 969 3 687 2
1 411 1 434 0 543 0
1 906 0 423 2 290 3
1 258 0 801 0 117 2
2 212 1 127 1 598 1
1 529 0 909 1 45 1
1 824 2 72 2 940 1
2 43 3 53 2 82 2
2 701 3 121 0 653 0
0 942 2 234 1 913 0
1 837 3 36 3 471 3
2 815 3 300 1 13 1
1 719 3 430 3 210 2
1 498 2 355 1 420 2
1 331 0 247 0 441 0
2 702 1 77 1 168 0
2 346 0 275 2 869 0
2 410 2 762 1 65 3
2 550 2 872 2 909 0
0 853 2 698 0 882 2
1 292 0 564 1 555 0
0 506 3 856 1 990 0
1 553 2 473 3 917 1
0 926 1 198 2 455 0
1 234 2 28 1 779 0
2 33 0 23 0 878 2
0 288 0 577 1 891 0
2 567 0 218 1 193 2
0 747 0 430 2 493 2
1 890 0 772 2 981 2
0 875 3 412 2 275 0
1 790 0 18 1 163 3
0 727 2 695 1 709 1
2 41 0 136 3 474 2
1 82 3 452 0 284 0
2 248 1 110 3 958 2
0 74 3 891 0 390 2
-1 -1 -1 -1 -1 -1 -1
